00000000000000000000000000000000
00000000000000000000000000000000
00000000000000000000000000000000
00000000000000000000000000000111
00001100000000000000000000000000
00010001000000000000000001110000
00000000000000001100000000000000
00000111111111111110000000000000
00001000000000000000000001110000
00000000000000001000100000000000
00000000000011110000000000000000
00000110000000000000000000000000
00000000000000011111111110000000
00000010001000001000000100000101
10000100000010000100000100000000
00000001111000011100010110000000
00001111000101010101010101111111
00100001000010000000000001110000
00000001111000000000000111100000
00000000000001011001001000011101
11111111111000000000000000111111
11100010000100001000111100000000
11110000000010100100001110000000
11001001001001000000111110000000
00000000000000001000000000000001
00000000000000000111111111111111
10100100100100100100100100100110
00111100000000011110000000000000
00000001111111000000011111100000
00000000000000000000001111000000
11111111111111111111111111111111
10000000000000000000000000000001
00000000000000000000000000000000